0 0 0 0 0 0 0 0 0 0 0 
10 8.13227 6.99993 6.06699 5.16131 4.29657 3.42998 2.6155 1.78364 0.933908 0 
20 15.659 14.1046 12.49 10.8591 9.16118 7.50132 5.80283 4.10248 2.20452 0 
30 11.4375 7.1875 2.9375 0.5 0.5 0.5 0.5 0.46875 0.34375 0 
40 15.2812 4.1875 0.5 0.5 0.5 0.5 0.5 0.46875 0.3125 0 
50 19.0625 3.5625 3.59375 0.5 0.5 0.5 0.5 0.46875 0.3125 0 
60 19.6562 7.1875 12.8438 6.6875 0.5 0.5 0.5 0.46875 0.34375 0 
70 26.5625 4.8125 3.59375 0.5 0.5 0.5 0.5 0.46875 0.3125 0 
80 35.9062 10.4062 9.8125 4.21875 3.59375 2.96875 2.34375 1.6875 0.90625 0 
90 50.1562 40.75 46.4062 32.75 19.0625 15.3125 11.5625 7.78125 3.96875 0 
100 90 80 70 60 50 40 30 20 10 0 
0 0 0 0 0 0 0 0 0 0 0 
10 8.13227 6.99993 6.06699 5.16131 4.29657 3.42998 2.6155 1.78364 0.933908 0 
20 15.659 14.1046 12.49 10.8591 9.16118 7.50132 5.80283 4.10248 2.20452 0 
30 11.4375 7.1875 2.9375 0.5 0.5 0.5 0.5 0.46875 0.34375 0 
40 15.2812 4.1875 0.5 0.5 0.5 0.5 0.5 0.46875 0.3125 0 
50 19.0625 3.5625 3.59375 0.5 0.5 0.5 0.5 0.46875 0.3125 0 
60 19.6562 7.1875 12.8438 6.6875 0.5 0.5 0.5 0.46875 0.34375 0 
70 26.5625 4.8125 3.59375 0.5 0.5 0.5 0.5 0.46875 0.3125 0 
80 35.9062 10.4062 9.8125 4.21875 3.59375 2.96875 2.34375 1.6875 0.90625 0 
90 50.1562 40.75 46.4062 32.75 19.0625 15.3125 11.5625 7.78125 3.96875 0 
100 90 80 70 60 50 40 30 20 10 0 
