0 0 0 0 0 0 0 0 0 0 0 
10 8.53018 7.80963 7.28377 6.77498 6.19894 5.49504 4.59202 3.40841 1.86851 0 
20 16.3299 15.462 14.6098 13.6948 12.623 11.2934 9.57046 7.25827 4.11703 0 
30 13.1172 9.64062 3.98438 1.71094 0.492188 0.492188 0.484375 0.445312 0.3125 0 
40 18.6719 6.63281 2.80469 0.5 0.5 0.5 0.492188 0.4375 0.28125 0 
50 22.125 8.50781 4.35156 2.82031 0.5 0.5 0.492188 0.4375 0.28125 0 
60 23.5156 9.32812 16.8672 8.22656 2.8125 1.27344 0.492188 0.453125 0.320312 0 
70 32.5938 11.9375 6.99219 3.75 1.27344 1.11719 0.953125 0.742188 0.429688 0 
80 41.7812 22.8203 16.1562 11.6641 6.6875 5.4375 4.17969 2.875 1.49219 0 
90 55.2656 44.1406 55.875 40.3438 27.1172 20.1094 14.3281 9.78125 5.1875 0 
100 90 80 70 60 50 40 30 20 10 0 
0 0 0 0 0 0 0 0 0 0 0 
10 8.53018 7.80963 7.28377 6.77498 6.19894 5.49504 4.59202 3.40841 1.86851 0 
20 16.3299 15.462 14.6098 13.6948 12.623 11.2934 9.57046 7.25827 4.11703 0 
30 13.1172 9.64062 3.98438 1.71094 0.492188 0.492188 0.484375 0.445312 0.3125 0 
40 18.6719 6.63281 2.80469 0.5 0.5 0.5 0.492188 0.4375 0.28125 0 
50 22.125 8.50781 4.35156 2.82031 0.5 0.5 0.492188 0.4375 0.28125 0 
60 23.5156 9.32812 16.8672 8.22656 2.8125 1.27344 0.492188 0.453125 0.320312 0 
70 32.5938 11.9375 6.99219 3.75 1.27344 1.11719 0.953125 0.742188 0.429688 0 
80 41.7812 22.8203 16.1562 11.6641 6.6875 5.4375 4.17969 2.875 1.49219 0 
90 55.2656 44.1406 55.875 40.3438 27.1172 20.1094 14.3281 9.78125 5.1875 0 
100 90 80 70 60 50 40 30 20 10 0 
