0 0 0 0 0 0 0 0 0 0 0 
10 8.58018 7.91172 7.44156 6.98733 6.45813 5.78127 4.87463 3.64302 2.00604 0 
20 16.4112 15.6295 14.874 14.0589 13.0751 11.8048 10.0865 7.70166 4.3871 0 
30 14.5781 10.9336 5.93164 2.26367 1.08984 0.478516 0.466797 0.417969 0.289062 0 
40 20.4688 9.90625 3.86719 1.95898 0.498047 0.496094 0.478516 0.414062 0.257812 0 
50 25.1738 10.6094 7.75 3.39453 1.6582 0.691406 0.480469 0.416016 0.259766 0 
60 25.5508 13.0801 18.6367 11.3887 4.82031 2.19336 1.375 0.513672 0.345703 0 
70 36.8086 17.9336 12.1777 7.03906 3.5918 2.23438 1.63281 1.17773 0.638672 0 
80 47.6699 28.5039 24.3379 16.7344 11.373 8.02344 5.89844 4.04883 2.12305 0 
90 56.1426 47.7852 58.6211 46.1934 33.3184 24.4004 17.8887 11.5508 6.30469 0 
100 90 80 70 60 50 40 30 20 10 0 
0 0 0 0 0 0 0 0 0 0 0 
10 8.58018 7.91172 7.44156 6.98733 6.45813 5.78127 4.87463 3.64302 2.00604 0 
20 16.4112 15.6295 14.874 14.0589 13.0751 11.8048 10.0865 7.70166 4.3871 0 
30 14.5781 10.9336 5.93164 2.26367 1.08984 0.478516 0.466797 0.417969 0.289062 0 
40 20.4688 9.90625 3.86719 1.95898 0.498047 0.496094 0.478516 0.414062 0.257812 0 
50 25.1738 10.6094 7.75 3.39453 1.6582 0.691406 0.480469 0.416016 0.259766 0 
60 25.5508 13.0801 18.6367 11.3887 4.82031 2.19336 1.375 0.513672 0.345703 0 
70 36.8086 17.9336 12.1777 7.03906 3.5918 2.23438 1.63281 1.17773 0.638672 0 
80 47.6699 28.5039 24.3379 16.7344 11.373 8.02344 5.89844 4.04883 2.12305 0 
90 56.1426 47.7852 58.6211 46.1934 33.3184 24.4004 17.8887 11.5508 6.30469 0 
100 90 80 70 60 50 40 30 20 10 0 
